[DSC00199.JPG]
filters=crop64=1,e1404b1eeb7e51e;CrossProcess=1,54.970760;fill=1,0.308411;
crop=rect64(e1404b1eeb7e51e)
moddate=000078b229cf0000
width=800
height=600
textactive=0
[DSC00282.JPG]
filters=fill=1,0.271028;CrossProcess=1,55.555557;
moddate=00008eb229cf0000
width=800
height=600
textactive=0
