[headshot2.jpg]
filters=fill=1,0.420561;finetune2=1,0.000000,0.129123,0.129123,00000000,0.000000;
moddate=0000324bebd00000
width=491
height=658
textactive=0
